128600	BY	Draconis	18	33	55.8079986572266	51	43	8.61999988555908
128900	Vega	18	36	56.3320007324219	38	47	1.16999995708466
128900	Alpha	Lyrae	18	36	56.3320007324219	38	47	1.16999995708466
128900	3	Lyrae	18	36	56.3320007324219	38	47	1.16999995708466
128900	Wega	18	36	56.3320007324219	38	47	1.16999995708466
130000	110	Herculis	18	45	39.7249984741211	20	32	46.7200012207031
130500	29	Sagittarii	18	49	40.1300010681152	-20	19	28.6000003814697
153700	23	Cephei	22	15	2.14000010490417	57	2	36.7000007629395
154000	Gamma	Aquarii	22	21	39.3779983520508	-1	23	14.4399995803833
154000	48	Aquarii	22	21	39.3779983520508	-1	23	14.4399995803833
154000	Sadachbia	22	21	39.3779983520508	-1	23	14.4399995803833
154800	Upsilon	Aquarii	22	34	41.6430015563965	-20	42	29.5499992370605
154800	59	Aquarii	22	34	41.6430015563965	-20	42	29.5499992370605
155600	Lambda	Pegasi	22	46	31.882999420166	23	33	56.3499984741211
155600	47	Pegasi	22	46	31.882999420166	23	33	56.3499984741211
155800	EV	Lacertae	22	46	49.1800003051758	44	20	0.100000001490116
155900	Epsilon	Gruis	22	48	33.3009986877441	-51	19	0.740000009536743
156200	Mu	Pegasi	22	50	0.20100000500679	24	36	5.71000003814697
156200	48	Pegasi	22	50	0.20100000500679	24	36	5.71000003814697
156600	GT	Pegasi	22	51	53.5299987792969	31	45	15.2799997329712
156900	Tau(1)	Gruis	22	53	37.9939994812012	-48	35	54.0400009155273
157200	TW	Piscis	Austrini	22	56	24.0480003356934	-31	33	56
157400	Fomalhaut	22	57	39.0550003051758	-29	37	20.1000003814697
157400	Alpha	Piscis	Austrini	22	57	39.0550003051758	-29	37	20.1000003814697
157400	24	Piscis	Austrini	22	57	39.0550003051758	-29	37	20.1000003814697
157500	51	Pegasi	22	57	27.9650001525879	20	46	7.09999990463257
157900	Pi	Piscis	Austrini	23	3	29.818000793457	-34	44	58.0400009155273
159000	7	Andromedae	23	12	32.943000793457	49	24	22.6000003814697
130600	V1216	Sagittarii	18	49	49.4370002746582	-23	50	10.8100004196167
131100	Nu(2)	Sagittarii	18	55	7.18200016021729	-22	40	17.0900001525879
131100	35	Sagittarii	18	55	7.18200016021729	-22	40	17.0900001525879
131200	V1285	Aquilae	18	55	27.4290008544922	8	24	8.81999969482422
131400	V775	Herculis	18	55	53.2210006713867	23	33	23.8400001525879
132100	Omicron	Sagittarii	19	4	41	-21	44	29.7000007629395
132100	39	Sagittarii	19	4	41	-21	44	29.7000007629395
132500	Tau	Sagittarii	19	6	56.4150009155273	-27	40	13.5699996948242
132500	40	Sagittarii	19	6	56.4150009155273	-27	40	13.5699996948242
133300	59	Draconis	19	9	9.80500030517578	76	33	37.560001373291
134000	Rho(1)	Sagittarii	19	21	40.3680000305176	-17	50	49.7599983215332
134000	44	Sagittarii	19	21	40.3680000305176	-17	50	49.7599983215332
134600	31	Aquilae	19	24	58.2029991149902	11	56	39.8300018310547
134700	Delta	Aquilae	19	25	29.9039993286133	3	6	53.1699981689453
134700	30	Aquilae	19	25	29.9039993286133	3	6	53.1699981689453
135600	Mu	Aquilae	19	34	5.36299991607666	7	22	44.1699981689453
135600	38	Aquilae	19	34	5.36299991607666	7	22	44.1699981689453
135800	Sigma	Draconis	19	32	21.6499996185303	69	39	40.2999992370605
135800	61	Draconis	19	32	21.6499996185303	69	39	40.2999992370605
136700	Altair	19	50	47.0019989013672	8	52	6.03000020980835
136700	Alpha	Aquilae	19	50	47.0019989013672	8	52	6.03000020980835
136700	53	Aquilae	19	50	47.0019989013672	8	52	6.03000020980835
138400	15	Sagittae	20	4	6.21999979019165	17	4	13.1000003814697
138900	Delta	Pavonis	20	8	43.5810012817383	-66	10	55.4500007629395
139600	Xi(2)	Capricorni	20	12	25.9099998474121	-12	37	3.40000009536743
139600	2	Capricorni	20	12	25.9099998474121	-12	37	3.40000009536743
140900	HU	Delphini	20	27	21	9	31	11
141500	Alpha	Indi	20	37	34.0439987182617	-47	17	29.4099998474121
141600	Phi(2)	Pavonis	20	40	2.62299990653992	-60	32	56.2400016784668
142600	Eta	Indi	20	44	2.34100008010864	-51	55	15.7799997329712
142800	AU	Microscopii	20	45	9.46000003814697	-31	20	26.2999992370605
143000	Psi	Capricorni	20	46	5.74200010299683	-25	16	15.2799997329712
143000	16	Capricorni	20	46	5.74200010299683	-25	16	15.2799997329712
143300	Eta	Cephei	20	45	17.378999710083	61	50	19.6499996185303
143300	3	Cephei	20	45	17.378999710083	61	50	19.6499996185303
143400	Iota	Microscopii	20	48	29.1599998474121	-43	59	18.6399993896484
143900	31	Vulpeculae	20	52	7.64699983596802	27	5	49.2799987792969
145400	Chi	Capricorni	21	8	33.6310005187988	-21	11	37.2400016784668
145400	25	Capricorni	21	8	33.6310005187988	-21	11	37.2400016784668
146300	AX	Microscopii	21	17	15.2670001983643	-38	52	2.94000005722046
146800	Alpha	Cephei	21	18	34.7690010070801	62	35	8.07999992370605
146800	5	Cephei	21	18	34.7690010070801	62	35	8.07999992370605
146800	Alderamin	21	18	34.7690010070801	62	35	8.07999992370605
147400	Gamma	Pavonis	21	26	26.5960006713867	-65	21	58.4300003051758
176300	53	Eridani	4	38	10.8090000152588	-14	18	14.1300001144409
176600	Alpha	Caeli	4	40	33.7080001831055	-41	51	49.7299995422363
177200	9	Aurigae	5	6	40.6619987487793	51	35	51.6699981689453
177300	104	Tauri	5	7	27.011999130249	18	38	42.4300003051758
177500	Capella	5	16	41.3530006408691	45	59	52.9000015258789
177500	Alpha	Aurigae	5	16	41.3530006408691	45	59	52.9000015258789
177500	13	Aurigae	5	16	41.3530006408691	45	59	52.9000015258789
177503	Capella	H	5	13	42	45	47	30
177504	Capella	H	5	13	42	45	47	30
177500	Capella	and	Capella	H	5	16	41.3530006408691	45	59	52.9000015258789
148800	Nu	Octantis	21	41	28.5480003356934	-77	23	24.1800003051758
149100	Gamma	Capricorni	21	40	5.45699977874756	-16	39	44.4000015258789
149100	40	Capricorni	21	40	5.45699977874756	-16	39	44.4000015258789
149500	HN	Pegasi	21	44	31.3360004425049	14	46	18.7999992370605
149700	Delta	Capricorni	21	47	2.44799995422363	-16	7	38.2700004577637
149700	49	Capricorni	21	47	2.44799995422363	-16	7	38.2700004577637
149700	Deneb	Algiedi	21	47	2.44799995422363	-16	7	38.2700004577637
149800	AY	Indi	21	49	5.9520001411438	-72	6	9.47000026702881
150700	15	pegasi	21	52	29.92799949646	28	47	36.6500015258789
150800	Mu	Capricorni	21	53	17.7779998779297	-13	33	6.44000005722046
150800	51	Capricorni	21	53	17.7779998779297	-13	33	6.44000005722046
151800	Epsilon	Indi	22	3	21.6429996490479	-56	47	9.57999992370605
152200	Iota	Pegasi	22	7	0.672999978065491	25	20	42.3199996948242
152200	24	Pegasi	22	7	0.672999978065491	25	20	42.3199996948242
152300	Alpha	Gruis	22	8	14	-46	57	39.5900001525879
152300	Al	Na'ir	22	8	14	-46	57	39.5900001525879
152600	Tau	Piscis	Austrini	22	10	8.77700042724609	-32	32	54.0499992370605
152600	15	Piscis	Austrini	22	10	8.77700042724609	-32	32	54.0499992370605
152800	Theta	Pegasi	22	10	11.9870004653931	6	11	52.2599983215332
152800	26	Pegasi	22	10	11.9870004653931	6	11	52.2599983215332
153700	Epsilon	Cephei	22	15	2.14000010490417	57	2	36.7000007629395
159900	Gamma	Tucanae	23	17	25.7670001983643	-58	14	8.61999988555908
160200	Phi	Gruis	23	18	9.93900012969971	-40	49	27.75
160300	Viln	82	no	35	23	15	1	6	7	17
160600	Gamma	Sculptoris	23	18	49.4410018920898	-32	31	55.1699981689453
161000	Viln	82	no	55	23	23	4.89200019836426	-10	45	51.0699996948242
161500	ZZ	Piscis	23	26	16	4	58	30
162000	Viln	82	no	70	23	31	31.5149993896484	-4	5	14.9300003051758
163000	Lambda	Andromedae	23	37	33.8540000915527	46	27	29.4300003051758
163000	16	Andromedae	23	37	33.8540000915527	46	27	29.4300003051758
163700	Gamma	Cephei	23	39	20.8239994049072	77	37	56.7999992370605
163700	35	Cephei	23	39	20.8239994049072	77	37	56.7999992370605
163700	Er	Rai	23	39	20.8239994049072	77	37	56.7999992370605
163800	Iota	Piscis	23	39	57.0410003662109	5	37	34.560001373291
163800	17	Piscis	23	39	57.0410003662109	5	37	34.560001373291
165100	II	Pegasi	23	55	4.05399990081787	28	38	1.22000002861023
166900	V547	Cassiopeiae	0	32	30.0699996948242	67	14	7.59999990463257
167000	Beta(3)	Tucanae	0	32	43.8339996337891	-63	1	52.4799995422363
167100	13	Ceti	0	35	14.8730001449585	-3	35	34.2200012207031
167800	Eta	Cassiopeiae	0	49	5.7979998588562	57	48	58.439998626709
167800	24	Cassiopeiae	0	49	5.7979998588562	57	48	58.439998626709
168300	Mu	Cassiopeiae	1	8	16.3780002593994	54	55	13.4099998474121
168300	30	Cassiopeiae	1	8	16.3780002593994	54	55	13.4099998474121
168600	37	Ceti	1	14	24.0499992370605	-7	55	22.5
168800	Kappa	Tucanae	1	15	46.0999984741211	-68	52	33.2999992370605
168802	Kappa(1)	Tucanae	1	14	4	-69	8	24
74200	48	Ursae	Majoris	11	1	50.4819984436035	56	22	56.6500015258789
74200	Merak	11	1	50.4819984436035	56	22	56.6500015258789
74200	Mirak	11	1	50.4819984436035	56	22	56.6500015258789
75400	Beta	Crateris	11	11	39.492000579834	-22	49	33.0999984741211
75400	11	Crateris	11	11	39.492000579834	-22	49	33.0999984741211
75800	Delta	Leonis	11	14	6.49499988555908	20	31	25.2999992370605
75800	68	Leonis	11	14	6.49499988555908	20	31	25.2999992370605
75800	Zozma	11	14	6.49499988555908	20	31	25.2999992370605
75800	Duhr	11	14	6.49499988555908	20	31	25.2999992370605
76400	SZ	Ursae	Majoris	11	20	4.77299976348877	65	50	47.689998626709
77900	89	Leonis	11	34	21.9500007629395	3	3	36.3499984741211
78600	61	Ursae	Majoris	11	41	3.01999998092651	34	12	5.78999996185303
80100	FI	Virginis	11	47	44.4259986877441	0	48	16.9599990844727
80300	Denebola	11	49	3.57999992370605	14	34	19.3500003814697
80300	Beta	Leonis	11	49	3.57999992370605	14	34	19.3500003814697
80300	94	Leonis	11	49	3.57999992370605	14	34	19.3500003814697
80300	The	Lion's	Tail	11	49	3.57999992370605	14	34	19.3500003814697
175603	DY	Eridani	4	13	4	-7	44	6
175600	Keid	4	15	16.3139991760254	-7	39	9.88000011444092
176100	Aldebaran	4	35	55.2369995117188	16	30	33.3899993896484
176100	Alpha	Tauri	4	35	55.2369995117188	16	30	33.3899993896484
176100	87	Tauri	4	35	55.2369995117188	16	30	33.3899993896484
42500	Alpha	Mensae	6	10	14.4359998703003	-74	45	11.0500001907349
42600	71	Orionis	6	14	50.8499984741211	19	9	22.6000003814697
42700	74	Orionis	6	16	26.617000579834	12	16	19.7099990844727
43100	Nu(2)	Canis	Majoris	6	36	41.0250015258789	-19	15	20.8799991607666
43100	7	Canis	Majoris	6	36	41.0250015258789	-19	15	20.8799991607666
91100	57	Virginis	13	15	58.7789993286133	-19	56	34.8300018310547
91200	59	Virginis	13	16	46.5099983215332	9	25	26.6000003814697
91400	61	Virginis	13	18	24.3139991760254	-18	18	40.5699996948242
91800	Iota	Centauri	13	20	35.8219985961914	-36	42	44.3199996948242
92300	80	Ursae	Majoris	13	25	13.6099996566772	54	59	17
92600	69	Virginis	13	27	27.1889991760254	-15	58	24.6200008392334
92700	70	Virginis	13	28	25.8090000152588	13	46	43.5
93600	EQ	Virginis	13	34	43.2569999694824	-8	20	31.8500003814697
93700	Zeta	Virginis	13	34	41.5849990844727	0	35	45.3899993896484
93700	79	Virginis	13	34	41.5849990844727	0	35	45.3899993896484
96000	Eta	Boötis	13	54	41.0740013122559	18	23	51.7200012207031
96000	8	Boötis	13	54	41.0740013122559	18	23	51.7200012207031
96000	Muphrid	13	54	41.0740013122559	18	23	51.7200012207031
96800	Pi	Hydrae	14	6	22.2999992370605	-26	40	56.5200004577637
96800	49	Hydrae	14	6	22.2999992370605	-26	40	56.5200004577637
96900	Theta	Centauri	14	6	40.951000213623	-36	22	12.0299997329712
96900	5	Centauri	14	6	40.951000213623	-36	22	12.0299997329712
96900	Menkent	14	6	40.951000213623	-36	22	12.0299997329712
97200	12	Boötis	14	10	23.9379997253418	25	5	29.8899993896484
97500	50	Hydrae	14	12	46.0359992980957	-27	15	40.5
98100	Arcturus	14	15	39.6769981384277	19	10	56.7099990844727
98100	Alpha	Boötis	14	15	39.6769981384277	19	10	56.7099990844727
98100	16	Boötis	14	15	39.6769981384277	19	10	56.7099990844727
98200	Iota	Virginis	14	16	0.917999982833862	-6	0	2.03999996185303
98200	99	Virginis	14	16	0.917999982833862	-6	0	2.03999996185303
98300	Lambda	Boötis	14	16	23.0200004577637	46	5	17.9699993133545
98300	19	Boötis	14	16	23.0200004577637	46	5	17.9699993133545
98800	18	Boötis	14	19	16.2859992980957	13	0	15.4300003051758
101000	Sigma	Boötis	14	34	40.8199996948242	29	44	42.4599990844727
101000	28	Boötis	14	34	40.8199996948242	29	44	42.4599990844727
101700	Mu	Virginis	14	43	3.62899994850159	-5	39	29.5599994659424
101700	107	Virginis	14	43	3.62899994850159	-5	39	29.5599994659424
101900	Omicron	Boötis	14	45	14.4469995498657	16	57	51.939998626709
101900	35	Boötis	14	45	14.4469995498657	16	57	51.939998626709
102500	Alpha(1)	Librae	14	50	41.2070007324219	-15	59	50.1399993896484
102500	8	Librae	14	50	41.2070007324219	-15	59	50.1399993896484
102700	Alpha(2)	Librae	14	50	52.7130012512207	-16	2	30.4200000762939
102700	9	Librae	14	50	52.7130012512207	-16	2	30.4200000762939
102700	Zuben	El	Genubi	14	50	52.7130012512207	-16	2	30.4200000762939
103400	16	Librae	14	57	11.0120000839233	-4	20	47.1599998474121
104800	45	Boötis	15	7	18.0690002441406	24	52	8.96000003814697
105200	23	Librae	15	13	28.5750007629395	-25	18	34
105400	Beta	Circini	15	17	30.8390007019043	-58	48	4.48000001907349
105900	Nu(2)	Lupi	15	21	48.1520004272461	-48	19	3.9300000667572
106000	Nu(1)	Lupi	15	22	8.28499984741211	-47	55	40.3899993896484
107300	Gamma	Librae	15	35	31.5790004730225	-14	47	22.3999996185303
169600	P	Eridani	1	39	47.7999992370605	-56	11	41
169700	Chi	Ceti	1	49	35.1059989929199	-10	41	11.0900001525879
169700	53	Ceti	1	49	35.1059989929199	-10	41	11.0900001525879
169900	Chi	Eridani	1	55	57.4879989624023	-51	36	31.9899997711182
170700	66	Ceti	2	12	47.5	-2	23	37
171700	Epsilon	Ceti	2	39	33.8359985351562	-11	52	19.7399997711182
171700	83	Ceti	2	39	33.8359985351562	-11	52	19.7399997711182
171800	Gamma	Ceti	2	43	18.0440006256104	3	14	8.60000038146973
171800	86	Ceti	2	43	18.0440006256104	3	14	8.60000038146973
171900	Theta	Persei	2	44	11.9860000610352	49	13	42.4799995422363
171900	13	Persei	2	44	11.9860000610352	49	13	42.4799995422363
173200	Alpha	Fornacis	3	12	4.28700017929077	-28	59	13.3599996566772
173400	94	Ceti	3	12	46.4389991760254	-1	11	45.8800010681152
174500	Kappa	Reticuli	3	29	22.67799949646	-62	56	15.0900001525879
175600	Omicron(2)	Eridani	4	15	16.3139991760254	-7	39	9.88000011444092
175600	40	Eridani	4	15	16.3139991760254	-7	39	9.88000011444092
16300	Mu	Fornacis	2	12	54.4799995422363	-30	43	25.7999992370605
16900	Delta	Trianguli	2	17	3.23000001907349	34	13	27.6000003814697
16900	8	Trianguli	2	17	3.23000001907349	34	13	27.6000003814697
17600	Kappa	Fornacis	2	22	32.5670013427734	-23	48	59.3199996948242
17700	Delta	Hydri	2	21	44.9490013122559	-68	39	33.8499984741211
18200	29	Arietis	2	32	54.1139984130859	15	2	4.53999996185303
18600	CC	Eridani	2	34	22.5849990844727	-43	47	46.9000015258789
19200	Lambda(2)	Fornacis	2	36	58.617000579834	-34	34	40.7999992370605
20000	12	Persei	2	42	14.9090003967285	40	11	38.0200004577637
20200	Iota	Horologii	2	42	33.4990005493164	-50	48	1.32000005245209
20500	Mu	Ceti	2	44	56.5369987487793	10	6	50.7599983215332
20500	87	Ceti	2	44	56.5369987487793	10	6	50.7599983215332
20600	Tau(1)	Eridani	2	45	6.21600008010864	-18	34	21.2800006866455
20600	1	Eridani	2	45	6.21600008010864	-18	34	21.2800006866455
21100	VY	Arietis	2	48	43.7029991149902	31	6	54.560001373291
22200	Epsilon	Fornacis	3	1	37.6529998779297	-28	5	29.6800003051758
22300	Tau(3)	Eridani	3	2	23.5069999694824	-23	37	27.9899997711182
22300	11	Eridani	3	2	23.5069999694824	-23	37	27.9899997711182
22900	Iota	Persei	3	9	4.01599979400635	49	36	47.8899993896484
23900	Zeta(1)	Reticuli	3	17	46.1199989318848	-62	34	30.1000003814697
24000	Kappa	Ceti	3	19	21.6959991455078	3	22	12.5900001525879
24000	96	Ceti	3	19	21.6959991455078	3	22	12.5900001525879
24100	Zeta(2)	Reticuli	3	18	12.8100004196167	-62	30	23
24200	82	Eridani	3	19	55.6689987182617	-43	4	11.289999961853
25100	Epsilon	Eridani	3	32	55.8460006713867	-9	27	29.7199993133545
25100	18	Eridani	3	32	55.8460006713867	-9	27	29.7199993133545
25500	10	Tauri	3	36	52.3759994506836	0	24	5.8899998664856
26100	Delta	Eridani	3	43	14.9029998779297	-9	45	48.25
26100	23	Eridani	3	43	14.9029998779297	-9	45	48.25
26800	Beta	Reticuli	3	44	11.9820003509521	-64	48	25.0699996948242
27000	Tau(6)	Eridani	3	46	50.8889999389648	-23	14	58.9700012207031
27000	27	Eridani	3	46	50.8889999389648	-23	14	58.9700012207031
27300	vB	170	Hyades	3	51	2.94899988174438	23	54	13.8800001144409
28900	39	Tauri	4	5	20.2299995422363	22	0	30.1000003814697
2200	Theta	Sculptoris	0	11	44.0139999389648	-35	7	59.1699981689453
6400	64	Piscis	0	48	58.7050018310547	16	56	26.1900005340576
29300	50	Persei	4	8	36.6230010986328	38	2	23
30300	Gamma	Doradus	4	16	1.60099995136261	-51	29	11.9300003051758
30400	Epsilon	Reticuli	4	16	28.9300003051758	-59	18	7.19999980926514
32600	Beta	Caeli	4	42	3.48200011253357	-37	8	39.689998626709
33000	58	Eridani	4	47	36.3139991760254	-16	56	3.90000009536743
33200	Pi(3)	Orionis	4	49	50.4140014648438	6	57	40.5400009155273
33200	1	Orionis	4	49	50.4140014648438	6	57	40.5400009155273
34700	Eta(1)	Pictoris	5	2	48.6800003051758	-49	9	4.90000009536743
35100	Zeta	Doradus	5	5	30.6499996185303	-57	28	21.9200000762939
14700	The	Sign	1	54	38.4010009765625	20	48	28.8199996948242
15200	Alpha	Hydri	1	58	46.201000213623	-61	34	11.4300003051758
15700	Alpha	Arietis	2	7	10.4029998779297	23	27	44.6599998474121
15700	Hamal	2	7	10.4029998779297	23	27	44.6599998474121
15700	The	Head	of	the	Sheep	2	7	10.4029998779297	23	27	44.6599998474121
15700	13	Arietis	2	7	10.4029998779297	23	27	44.6599998474121
16200	Eta	Arietis	2	12	48.0909996032715	21	12	39.4500007629395
107300	38	Librae	15	35	31.5790004730225	-14	47	22.3999996185303
107800	Alpha	Serpentis	15	44	16.0869998931885	6	25	32.310001373291
107800	24	Serpentis	15	44	16.0869998931885	6	25	32.310001373291
108000	Lambda	Serpentis	15	46	26.6079998016357	7	21	10.7200002670288
108000	27	Serpentis	15	46	26.6079998016357	7	21	10.7200002670288
108300	Epsilon	Serpentis	15	50	48.9700012207031	4	28	39.8400001525879
108300	37	Serpentis	15	50	48.9700012207031	4	28	39.8400001525879
108600	39	Serpentis	15	53	12.1049995422363	13	11	47.9000015258789
108700	Chi	Herculis	15	52	40.5419998168945	42	27	5.6399998664856
108700	1	Herculis	15	52	40.5419998168945	42	27	5.6399998664856
108900	Lambda	Coronae	Borealis	15	55	47.5909996032715	37	56	49.2099990844727
108900	12	Coronae	Borealis	15	55	47.5909996032715	37	56	49.2099990844727
109000	Gamma	Serpentis	15	56	27.1870002746582	15	39	41.8800010681152
109000	41	Serpentis	15	56	27.1870002746582	15	39	41.8800010681152
109800	49	Librae	16	0	19.5979995727539	-16	32	0.109999999403954
109900	Rho	Coronae	Borealis	16	1	2.72000002861023	33	18	12.8999996185303
109900	15	Coronae	Borealis	16	1	2.72000002861023	33	18	12.8999996185303
110100	Theta	Draconis	16	1	53.3349990844727	58	33	54.9599990844727
110100	13	Draconis	16	1	53.3349990844727	58	33	54.9599990844727
110500	Delta	Normae	16	6	29.4409999847412	-45	10	23.6399993896484
111700	18	Scorpii	16	15	37.2900009155273	-8	22	10.1000003814697
112000	Epsilon	Ophiuchi	16	18	19.2900009155273	-4	41	32.9900016784668
112000	2	Ophiuchi	16	18	19.2900009155273	-4	41	32.9900016784668
112100	CR	Draconis	16	17	5.59200000762939	55	16	8.96000003814697
112300	Gamma(2)	Normae	16	19	50.443000793457	-50	9	19.9799995422363
112700	Sigma	Serpentis	16	22	4.35400009155273	1	1	44.5200004577637
112700	50	Serpentis	16	22	4.35400009155273	1	1	44.5200004577637
113200	Zeta	Trianguli	Australis	16	28	28.1229991912842	-70	5	3.98000001907349
113600	Gamma	Apodis	16	33	27.0429992675781	-78	53	49.6599998474121
114600	12	Ophiuchi	16	36	21.4549999237061	-2	19	28.6000003814697
116200	DN	Draconis	16	48	25.6809997558594	59	3	22.8299999237061
117100	Zeta	Arae	16	58	37.2080001831055	-55	59	24.5100002288818
117400	19	Draconis	16	56	1.63999998569489	65	8	5.46000003814697
117800	Epsilon(2)	Arae	17	3	8.76000022888184	-53	14	12.8000001907349
119200	Eta	Scorpii	17	12	9.20899963378906	-43	14	20.9899997711182
120600	72	Herculis	17	20	39.5709991455078	32	28	3.88000011444092
121000	44	Ophiuchi	17	26	22.2220001220703	-24	10	31.1299991607666
121700	Alpha	Ophiuchi	17	34	56.076000213623	12	33	36.1399993896484
121700	55	Ophiuchi	17	34	56.076000213623	12	33	36.1399993896484
121700	Ras	Alhague	17	34	56.076000213623	12	33	36.1399993896484
122000	Pi	Arae	17	38	5.55499982833862	-54	30	1.48000001907349
122500	Lambda	Arae	17	40	23.875	-49	24	56.0800018310547
122900	Omega	Draconis	17	36	57.0820007324219	68	45	28.7199993133545
122900	28	Draconis	17	36	57.0820007324219	68	45	28.7199993133545
123100	Mu	Arae	17	44	8.70400047302246	-51	50	2.6800000667572
123200	58	Ophiuchi	17	43	25.80299949646	-21	40	59.5099983215332
125100	Zeta	Serpentis	18	0	29.0209999084473	-3	41	25.1700000762939
125100	57	Serpentis	18	0	29.0209999084473	-3	41	25.1700000762939
125800	Iota	Pavonis	18	10	26.19700050354	-62	0	8.72000026702881
126400	36	Draconis	18	13	53.8019981384277	64	23	50.189998626709
127300	Eta	Serpentis	18	21	18.6009998321533	-2	53	55.7400016784668
127300	58	Serpentis	18	21	18.6009998321533	-2	53	55.7400016784668
127700	Lambda	Sagittarii	18	27	58.2459983825684	-25	25	18.1499996185303
127700	22	Sagittarii	18	27	58.2459983825684	-25	25	18.1499996185303
127700	Kaus	Borealis	18	27	58.2459983825684	-25	25	18.1499996185303
128500	V774	Herculis	18	33	17.7609996795654	22	18	51.2299995422363
204800	36	Ophiuchi	17	15	20.7999992370605	-26	36	5
35200	13	Orionis	5	7	38.3800010681152	9	28	18.3999996185303
35400	Beta	Eridani	5	7	50.9720001220703	-5	5	11.2299995422363
35400	Cursa	5	7	50.9720001220703	-5	5	11.2299995422363
35400	Kursa	5	7	50.9720001220703	-5	5	11.2299995422363
35400	67	Eridani	5	7	50.9720001220703	-5	5	11.2299995422363
81700	Eta	Crucis	12	6	52.8839988708496	-64	36	49.4799995422363
81800	Alpha	Corvi	12	8	24.7999992370605	-24	43	44.0200004577637
81800	1	Corvi	12	8	24.7999992370605	-24	43	44.0200004577637
81800	Alkhiba	12	8	24.7999992370605	-24	43	44.0200004577637
82900	12	Virginis	12	13	25.94700050354	10	15	44.2099990844727
83100	Delta	Ursae	Majoris	12	15	25.5599994659424	57	1	57.4199981689453
83100	69	Ursae	Majoris	12	15	25.5599994659424	57	1	57.4199981689453
83100	Megrez	12	15	25.5599994659424	57	1	57.4199981689453
85200	Eta	Corvi	12	32	4.22300004959106	-16	11	45.6300010681152
85200	8	Corvi	12	32	4.22300004959106	-16	11	45.6300010681152
85500	Beta	Canum	Venaticorum	12	33	44.5449981689453	41	21	26.8899993896484
85500	8	Canum	Venaticorum	12	33	44.5449981689453	41	21	26.8899993896484
86900	10	Canum	Venaticorum	12	44	59.3930015563965	39	16	44.4599990844727
88500	38	Virginis	12	53	11.1619997024536	-3	33	11.25
89300	DT	Virginis	13	0	46.5050010681152	12	22	32.6500015258789
89600	40	Comae	Berenices	13	6	22.5949993133545	22	36	57.9700012207031
89600	FS	Comae	Berenices	13	6	22.5949993133545	22	36	57.9700012207031
90100	RS	Canum	Venaticorum	13	10	36.8959999084473	35	56	5.65999984741211
90300	Beta	Comae	Berenices	13	11	52.3950004577637	27	52	41.4000015258789
90300	43	Comae	Berenices	13	11	52.3950004577637	27	52	41.4000015258789
43500	Xi	Geminorum	6	45	17.3619995117187	12	53	44.0200004577637
43500	31	Geminorum	6	45	17.3619995117187	12	53	44.0200004577637
43700	Psi(5)	Aurigae	6	46	44.3359985351562	43	34	38.7700004577637
43700	56	Aurigae	6	46	44.3359985351562	43	34	38.7700004577637
44200	Alpha	Pictoris	6	48	11.4370002746582	-61	56	28.9500007629395
44800	37	Geminorum	6	55	18.636999130249	25	22	32.6500015258789
50400	QY	Aurigae	7	10	1.75600004196167	38	31	46.4799995422363
50700	I	Puppis	7	12	33.6380004882812	-46	45	33.8300018310547
52000	22	Lyncis	7	29	56	49	40	20.7000007629395
53400	YZ	Canis	Minoris	7	44	40.1269989013672	3	33	8.65999984741211
53600	Pollux	7	45	18.9459991455078	28	1	34.2599983215332
53600	Beta	Geminorum	7	45	18.9459991455078	28	1	34.2599983215332
53600	78	Geminorum	7	45	18.9459991455078	28	1	34.2599983215332
56100	B	Carinae	8	9	0.669000029563904	-61	18	9
57300	Chi	Cancri	8	20	3.85599994659424	27	13	3.64000010490417
57300	18	Cancri	8	20	3.85599994659424	27	13	3.64000010490417
57700	Alpha	Chamaeleontis	8	18	31.4890003204346	-76	55	10.6099996566772
58100	1	Hydrae	8	24	35.0120010375977	-3	45	4.71999979019165
58400	Beta	Volantis	8	25	44.1940002441406	-66	8	13.0200004577637
59200	Pi(1)	Ursae	Majoris	8	39	11.7390003204346	65	1	15.25
59200	3	Ursae	Majoris	8	39	11.7390003204346	65	1	15.25
61400	TY	Pyxidis	8	59	42.7200012207031	-27	48	58.7799987792969
61700	Alpha	Volantis	9	2	26.8040008544922	-66	23	45.9900016784668
61900	15	Ursae	Majoris	9	8	52.2529983520508	51	36	16.7299995422363
62200	75	Cancri	9	8	47.3370018005371	26	37	44.8199996948242
62800	16	Ursae	Majoris	9	14	20.5520000457764	61	25	24
63000	18	Ursae	Majoris	9	16	11.3199996948242	54	1	18.7199993133545
63000	DD	Ursae	Majoris	9	16	11.3199996948242	54	1	18.7199993133545
63100	K	Velorum	9	15	45.0900001525879	-37	24	48.2000007629395
64600	23	Ursae	Majoris	9	31	31.7159996032715	63	3	42.7000007629395
64900	24	Ursae	Majoris	9	34	28.8740005493164	69	49	49.2400016784668
64900	DK	Ursae	Majoris	9	34	28.8740005493164	69	49	49.2400016784668
66000	15	Leonis	Minoris	9	48	35.3790016174316	46	1	15.6199998855591
66800	19	Leonis	Minoris	9	57	41.0519981384277	41	3	20.3199996948242
67100	DH	Leonis	10	0	1.69799995422363	24	33	9.47999954223633
67200	20	Leonis	Minoris	10	1	0.66100001335144	31	55	25.25
67900	21	Leonis	Minoris	10	7	25.7660007476807	35	14	41.0699996948242
69600	AD	Leonis	10	16	54	20	7	17
69700	40	Leonis	10	19	44.1419982910156	19	28	15.0699996948242
70600	I	Carinae	10	24	23.6599998474121	-74	1	53.810001373291
71200	36	Ursae	Majoris	10	30	37.5849990844727	55	58	50.0099983215332
73900	47	Ursae	Majoris	10	59	27.9720001220703	40	25	48.9799995422363
74200	Beta	Ursae	Majoris	11	1	50.4819984436035	56	22	56.6500015258789
35500	68	Eridani	5	8	43.7130012512207	-4	27	22.2700004577637
35800	Kapteyn's	Star	5	11	40.5999984741211	-45	1	7.5
36300	Lambda	Aurigae	5	19	8.47000026702881	40	5	56.6100006103516
36300	15	Aurigae	5	19	8.47000026702881	40	5	56.6100006103516
36900	111	Tauri	5	24	25.4300003051758	17	23	1.29999995231628
37800	V371	Orionis	5	31	9	1	54	47
38500	Nu(2)	Columbae	5	37	44.6199989318848	-28	41	23.1200008392334
38600	49	Orionis	5	38	53.1150016784668	-7	12	46.4199981689453
39300	Pi	Mensae	5	37	9.84099960327148	-80	28	8.67000007629395
39600	Zeta	Leporis	5	46	57.3320007324219	-14	49	19.1200008392334
39600	14	Leporis	5	46	57.3320007324219	-14	49	19.1200008392334
40000	Beta	Pictoris	5	47	17.0890007019043	-51	3	59.4000015258789
40900	Eta	Leporis	5	56	24.2880001068115	-14	10	3.86999988555908
40900	16	Leporis	5	56	24.2880001068115	-14	10	3.86999988555908
41000	Beta	Aurigae	5	59	31.7199993133545	44	56	50.7799987792969
41000	34	Aurigae	5	59	31.7199993133545	44	56	50.7799987792969
80400	Beta	Virginis	11	50	41.7220001220703	1	45	52.8600006103516
80400	5	Virginis	11	50	41.7220001220703	1	45	52.8600006103516
80400	Zawijah	11	50	41.7220001220703	1	45	52.8600006103516
81500	Omicron	Virginis	12	5	12.5369997024536	8	43	58.5800018310547
81500	90	Virginis	12	5	12.5369997024536	8	43	58.5800018310547
100	Sol	0	0	0	0	0	0
100	Helios	0	0	0	0	0	0
100	The	Sun	0	0	0	0	0	0
200	Alpha	Centauri	14	39	35.8800010681152	-60	50	7.40000009536743
200	Alpha	and	Proxima	Centauri	14	39	35.8800010681152	-60	50	7.40000009536743
200	Rigil	Kentaurus	14	39	35.8800010681152	-60	50	7.40000009536743
203	Proxima	Centauri	14	29	42.9099998474121	-62	40	47.2000007629395
300	Barnard's	Star	17	57	48.5149993896484	4	41	35.8300018310547
300	Barnard's	Runaway	Star	17	57	48.5149993896484	4	41	35.8300018310547
400	CN	Leonis	10	54	6	7	19	12
600	Sirius	6	45	8.87100028991699	-16	42	57.9900016784668
600	The	Dog	Star	6	45	8.87100028991699	-16	42	57.9900016784668
600	Alpha	Canis	Majoris	6	45	8.87100028991699	-16	42	57.9900016784668
600	9	Canis	majoris	6	45	8.87100028991699	-16	42	57.9900016784668
200	Toliman	14	39	35.8800010681152	-60	50	7.40000009536743
203	V645	Centauri	14	29	42.9099998474121	-62	40	47.2000007629395
1800	Beta	Cassiopeiae	0	9	10.6949996948242	59	8	59.1800003051758
1900	Epsilon	Phoenicis	0	9	24.6590003967285	-45	44	50.7900009155273
2000	6	Ceti	0	11	15.8620004653931	-15	28	4.92000007629395
2000	Viln	82	no	157	0	11	15.8620004653931	-15	28	4.92000007629395
3100	Zeta	Tucanae	0	20	4.25099992752075	-64	52	29.25
3600	9	Ceti	0	22	51.7799987792969	-12	12	33.9000015258789
4000	Beta	Hydri	0	25	45.0559997558594	-77	15	15.3999996185303
4100	Kappa	Phoenicis	0	26	12.1820001602173	-43	40	47.2299995422363
4800	54	Piscis	0	39	21.7999992370605	21	15	1.60000002384186
5300	FF	Andromedae	0	42	48.2379989624023	35	32	55.9599990844727
5500	Beta	Ceti	0	43	35.3720016479492	-17	59	11.8199996948242
6100	18	Ceti	0	45	28.6900005340576	-12	52	50.5
6500	van	Maanen's	Star	0	46	31	5	9	11
6500	van	Maanen	2	0	46	31	5	9	11
6700	Phi(2)	Ceti	0	50	7.59600019454956	-10	38	39.5400009155273
6700	19	Ceti	0	50	7.59600019454956	-10	38	39.5400009155273
203	Alpha	Centauri	Proxima	14	29	42.9099998474121	-62	40	47.2000007629395
203	Alpha	Proxima	14	29	42.9099998474121	-62	40	47.2000007629395
9700	Eta	Ceti	1	8	35.3959999084473	-10	10	56.1699981689453
9900	Beta	Andromedae	1	9	43.9309997558594	35	37	13.9499998092651
9900	43	Andromedae	1	9	43.9309997558594	35	37	13.9499998092651
9900	Mirach	1	9	43.9309997558594	35	37	13.9499998092651
10100	YZ	Ceti	1	9	59	-17	16	23
10500	Nu	Phoenicis	1	15	11.1020002365112	-45	31	53.8600006103516
12000	Upsilon	Andromedae	1	36	47.8419990539551	41	24	19.6399993896484
12000	50	Andromedae	1	36	47.8419990539551	41	24	19.6399993896484
13000	107	Piscis	1	42	29.7900009155273	20	16	6.09999990463257
13600	Tau	Ceti	1	44	4.09100008010864	-15	56	14.8900003433228
13600	52	Ceti	1	44	4.09100008010864	-15	56	14.8900003433228
14400	Alpha	Trianguli	1	53	4.90500020980835	29	34	43.8199996948242
14400	Caput	Trianguli	1	53	4.90500020980835	29	34	43.8199996948242
14400	Rasalmothallah	1	53	4.90500020980835	29	34	43.8199996948242
14400	2	Trianguli	1	53	4.90500020980835	29	34	43.8199996948242
14700	Beta	Arietis	1	54	38.4010009765625	20	48	28.8199996948242
14700	6	Arietis	1	54	38.4010009765625	20	48	28.8199996948242
14700	Sheratan	1	54	38.4010009765625	20	48	28.8199996948242
178300	Riepe's	Double	5	37	21	24	46	53
178400	Gamma	Leporis	5	44	27.7840003967285	-22	26	54.310001373291
178400	13	Leporis	5	44	27.7840003967285	-22	26	54.310001373291
178500	Chi(1)	Orionis	5	54	22.9409999847412	20	16	34.310001373291
178500	54	Orionis	5	54	22.9409999847412	20	16	34.310001373291
179500	V577	Monoceri	6	29	23.3799991607666	-2	48	50.7999992370605
180200	38	Geminorum	6	54	38.6150016784668	13	10	40.189998626709
180900	Lambda	Geminorum	7	18	5.57200002670288	16	32	25.3099994659424
180900	54	Geminorum	7	18	5.57200002670288	16	32	25.3099994659424
181100	Delta	Geminorum	7	20	7.36700010299683	21	58	56.2900009155273
181100	Wasat	7	20	7.36700010299683	21	58	56.2900009155273
181100	55	Geminorum	7	20	7.36700010299683	21	58	56.2900009155273
181200	Rho	Geminorum	7	29	6.69999980926514	31	47	3.86999988555908
181200	62	Geminorum	7	29	6.69999980926514	31	47	3.86999988555908
181400	VV	Lyncis	7	31	57.1100006103516	36	13	8.10000038146973
181700	Castor	7	34	36	31	53	18
181700	Alpha	Geminorum	7	34	36	31	53	18
181700	66	Geminorum	7	34	36	31	53	18
181700	The	Horseman	7	34	36	31	53	18
181705	YY	Geminorum	7	31	26	31	58	47
181706	YY	Geminorum	7	31	26	31	58	47
181900	Procyon	7	39	18.113000869751	5	13	30.0599994659424
181900	Alpha	Canis	Minoris	7	39	18.113000869751	5	13	30.0599994659424
181900	10	Canis	Minoris	7	39	18.113000869751	5	13	30.0599994659424
181900	The	Little	Dog	Star	7	39	18.113000869751	5	13	30.0599994659424
182500	9	Puppis	7	51	46.2939987182617	-13	53	52.8499984741211
183500	18	Puppis	8	10	39.8240013122559	-13	47	57.0999984741211
183900	CU	Cancri	8	31	37.5670013427734	19	23	39.3400001525879
184600	Delta	Velorum	8	44	42.2239990234375	-54	42	30.1200008392334
184800	Rho(1)	Cancri	8	52	35.8320007324219	28	19	51.1599998474121
184800	55	Cancri	8	52	35.8320007324219	28	19	51.1599998474121
185200	Iota	Ursae	Majoris	8	59	12.4420003890991	48	2	30.0900001525879
185200	9	Ursae	Majoris	8	59	12.4420003890991	48	2	30.0900001525879
185200	Talitha	8	59	12.4420003890991	48	2	30.0900001525879
185200	Talita	8	59	12.4420003890991	48	2	30.0900001525879
185300	10	Ursae	Majoris	9	0	38.3899993896484	41	46	57.9799995422363
185600	Sigma(2)	Ursae	Majoris	9	10	23.3279991149902	67	8	2.03999996185303
185600	13	Ursae	Majoris	9	10	23.3279991149902	67	8	2.03999996185303
185900	Pi(1)	Cancri	9	12	17.5259990692139	14	59	45.2900009155273
185900	81	Cancri	9	12	17.5259990692139	14	59	45.2900009155273
186900	Tau(1)	Hydrae	9	29	8.90999984741211	-2	46	8.39999961853027
186900	31	Hydrae	9	29	8.90999984741211	-2	46	8.39999961853027
187100	Psi	Velorum	9	30	42.0180015563965	-40	28	0.25
187300	Theta	Ursae	Majoris	9	32	51.4119987487793	51	40	38.3800010681152
187300	25	Ursae	Majoris	9	32	51.4119987487793	51	40	38.3800010681152
187500	11	Leonis	Minoris	9	35	39.4809989929199	35	48	36.7799987792969
187500	SV	Leonis	Minoris	9	35	39.4809989929199	35	48	36.7799987792969
187600	Theta	Antliae	9	44	12.1099996566772	-27	46	10.3000001907349
188300	39	Leonis	10	17	14.5340003967285	23	6	22.0599994659424
189600	Chi(1)	Hydrae	11	5	19.9179992675781	-27	17	36.9599990844727
189702	WX	Ursae	Majoris	11	3	2	43	46	42
190500	Xi	Ursae	Majoris	11	18	11	31	31	45
190500	53	Ursae	Majoris	11	18	11	31	31	45
190500	Alula	Australis	11	18	11	31	31	45
190600	SZ	Crateris	11	21	26.7299995422363	-20	27	15
191100	83	Leonis	11	26	45.3279991149902	3	0	47.0499992370605
191200	88	Leonis	11	31	44.9500007629395	14	21	52.7000007629395
191600	Iota	Crateris	11	38	40.0069999694824	-13	12	7.07000017166138
191600	24	Crateris	11	38	40.0069999694824	-13	12	7.07000017166138
194400	Porrima	12	41	39.5950012207031	-1	26	57.8800010681152
194400	Gamma	Virginis	12	41	39.5950012207031	-1	26	57.8800010681152
194400	29	Virginis	12	41	39.5950012207031	-1	26	57.8800010681152
194400	Postvarta	12	41	39.5950012207031	-1	26	57.8800010681152
195400	Alpha	Comae	Berenices	13	9	59.3170013427734	17	31	46.2900009155273
195400	42	Comae	Berenices	13	9	59.3170013427734	17	31	46.2900009155273
196100	Mizar	13	23	55.5390014648438	54	55	31.3799991607666
196100	79	Ursae	Majoris	13	23	55.5390014648438	54	55	31.3799991607666
196100	Zeta	Ursae	Majoris	13	23	55.5390014648438	54	55	31.3799991607666
196100	The	Horse	13	23	55.5390014648438	54	55	31.3799991607666
197100	Tau	Boötis	13	47	15.7399997711182	17	27	24.4300003051758
197100	4	Boötis	13	47	15.7399997711182	17	27	24.4300003051758
198200	Iota	Boötis	14	16	9.92199993133545	51	22	2.17000007629395
198200	21	Boötis	14	16	9.92199993133545	51	22	2.17000007629395
198600	Theta	Boötis	14	25	11.7919998168945	51	51	2.76999998092651
198600	23	Boötis	14	25	11.7919998168945	51	51	2.76999998092651
198800	Phi	Virginis	14	28	12.1440000534058	-2	13	40.6699981689453
198800	105	Virginis	14	28	12.1440000534058	-2	13	40.6699981689453
199000	Alpha	Circini	14	42	30.4080009460449	-64	58	30.5100002288818
199300	54	Hydrae	14	46	0.0900000035762787	-25	26	34.9000015258789
199600	Xi	Boötis	14	51	23.2810001373291	19	6	4.15999984741211
199600	37	Boötis	14	51	23.2810001373291	19	6	4.15999984741211
199800	CE	Boötis	14	54	29.2830009460449	16	6	4.1100001335144
200200	i	Boötis	15	3	47.5340003967285	47	39	15.1499996185303
200200	44	Boötis	15	3	47.5340003967285	47	39	15.1499996185303
200400	Zeta	Lupi	15	12	17.1060009002686	-52	5	57.3800010681152
200900	Eta	Coronae	Borealis	15	23	12.3470001220703	30	17	16.2399997711182
200900	2	Coronae	Borealis	15	23	12.3470001220703	30	17	16.2399997711182
201000	Mu	Boötis	15	24	29.4340000152588	37	22	37.7900009155273
201000	51	Boötis	15	24	29.4340000152588	37	22	37.7900009155273
201002	Mu(2)	Boötis	15	24	30.882999420166	37	20	51.939998626709
201003	Mu(2)	Boötis	15	24	30.882999420166	37	20	51.939998626709
201600	Psi	Serpentis	15	44	1.80799996852875	2	30	54.4799995422363
201600	23	Serpentis	15	44	1.80799996852875	2	30	54.4799995422363
201800	Beta	Trianguli	Australis	15	55	8.54699993133545	-63	25	50.3699989318848
202200	Xi	Scorpii	16	4	22.1000003814697	-11	22	23
202700	Sigma	Coronae	Borealis	16	14	41.1699981689453	33	51	31.6000003814697
202700	17	Coronae	Borealis	16	14	41.1699981689453	33	51	31.6000003814697
202700	TZ	Coronae	Borealis	16	14	41.1699981689453	33	51	31.6000003814697
203100	Eta	Ursae	Minoris	16	17	30.3229999542236	75	45	18.9400005340576
203100	21	Ursae	Minoris	16	17	30.3229999542236	75	45	18.9400005340576
203300	Eta	Draconis	16	23	59.4550018310547	61	30	51.939998626709
203300	14	Draconis	16	23	59.4550018310547	61	30	51.939998626709
203800	Zeta	Herculis	16	41	17.2129993438721	31	36	10.6899995803833
203800	40	Herculis	16	41	17.2129993438721	31	36	10.6899995803833
204300	Mu	Draconis	17	5	19.7000007629395	54	28	13
204300	21	Draconis	17	5	19.7000007629395	54	28	13
204400	Eta	Ophiuchi	17	10	22.6860008239746	-15	43	29.6000003814697
204400	35	Ophiuchi	17	10	22.6860008239746	-15	43	29.6000003814697
204400	Sabik	17	10	22.6860008239746	-15	43	29.6000003814697
119700	Delta	Herculis	17	15	1.91100001335144	24	50	21.1700000762939
119700	65	Herculis	17	15	1.91100001335144	24	50	21.1700000762939
205200	V645	Herculis	17	19	54.2319984436035	26	30	3.67000007629395
205300	Xi	Ophiuchi	17	21	0.233999997377396	-21	6	46.2599983215332
205300	40	Ophiuchi	17	21	0.233999997377396	-21	6	46.2599983215332
206000	26	Draconis	17	34	59.4850006103516	61	52	29.8400001525879
206500	Psi(1)	Draconis	17	41	56.3419990539551	72	8	55.8899993896484
206500	31	Draconis	17	41	56.3419990539551	72	8	55.8899993896484
206600	Mu	Herculis	17	46	27.5170001983643	27	43	14.3500003814697
206600	86	Herculis	17	46	27.5170001983643	27	43	14.3500003814697
206800	Tau	Ophiuchi	18	3	4.96000003814697	-8	10	49.3600006103516
206800	69	Ophiuchi	18	3	4.96000003814697	-8	10	49.3600006103516
206900	70	Ophiuchi	18	5	27.25	2	29	58.2200012207031
207000	72	Ophiuchi	18	7	20.988000869751	9	33	49.8699989318848
207100	99	Herculis	18	7	1.58200001716614	30	33	43.2799987792969
207300	Chi	Draconis	18	21	3.38100004196167	72	43	58.3300018310547
207300	44	Draconis	18	21	3.38100004196167	72	43	58.3300018310547
208400	Gamma	Coronae	Australis	19	6	25.1679992675781	-37	3	48.3600006103516
208500	Zeta	Aquilae	19	5	24.6110000610352	13	51	48.4300003051758
208500	17	Aquilae	19	5	24.6110000610352	13	51	48.4300003051758
209700	Theta	Cygni	19	36	26.496000289917	50	13	15.8000001907349
209700	13	Cygni	19	36	26.496000289917	50	13	15.8000001907349
209900	16	Cygni	19	41	48.9099998474121	50	31	30.3999996185303
210300	17	Cygni	19	46	25.6100006103516	33	43	39.5999984741211
210400	Omicron	Aquilae	19	51	1.61000001430511	10	24	57.2000007629395
210400	54	Aquilae	19	51	1.61000001430511	10	24	57.2000007629395
210500	V1581	Cygni	19	52	16	44	17	30
210600	Beta	Aquilae	19	55	18.798999786377	6	24	24.2900009155273
210600	Alschain	19	55	18.798999786377	6	24	24.2900009155273
210600	60	Aquilae	19	55	18.798999786377	6	24	24.2900009155273
211500	Rho	Capricorni	20	28	51.5929985046387	-17	48	49.5499992370605
211500	11	Capricorni	20	28	51.5929985046387	-17	48	49.5499992370605
212400	Epsilon	Cygni	20	46	12.6840000152588	33	58	12.9200000762939
212400	53	Cygni	20	46	12.6840000152588	33	58	12.9200000762939
212400	Gienah	20	46	12.6840000152588	33	58	12.9200000762939
212700	V1396	Cygni	21	0	5.67999982833862	40	4	13.8999996185303
213000	Eta	Capricorni	21	4	24.2950000762939	-19	51	18.1299991607666
213000	22	Capricorni	21	4	24.2950000762939	-19	51	18.1299991607666
213300	61	Cygni	21	6	54.5919990539551	38	44	44.9900016784668
213300	The	Flying	Star	21	6	54.5919990539551	38	44	44.9900016784668
213500	Delta	Equulei	21	14	28.7740001678467	10	0	24.8999996185303
213500	7	Equulei	21	14	28.7740001678467	10	0	24.8999996185303
213600	Tau	Cygni	21	14	47.4860000610352	38	2	43.9900016784668
213600	65	Cygni	21	14	47.4860000610352	38	2	43.9900016784668
214000	Theta	Indi	21	19	51.9199981689453	-53	26	58
214700	Mu	Cygni	21	44	8.31999969482422	28	44	35.2999992370605
214700	78	Cygni	21	44	8.31999969482422	28	44	35.2999992370605
216100	Nu	Indi	22	24	37.4059982299805	-72	15	20.7900009155273
216500	53	Aquarii	22	26	34.4000015258789	-16	44	33
216600	34	Pegasi	22	26	37.4249992370605	4	23	37.7099990844727
217200	FK	Aquarii	22	38	45.6100006103516	-20	37	14.3000001907349
217600	Xi	Pegasi	22	46	41.5999984741211	12	10	22
217600	46	Pegasi	22	46	41.5999984741211	12	10	22
217700	Gamma	Piscis	Austrini	22	52	31.5580005645752	-32	52	31.7999992370605
217700	22	Piscis	Austrini	22	52	31.5580005645752	-32	52	31.7999992370605
217800	Sigma	Pegasi	22	52	24.0779991149902	9	50	8.4399995803833
217800	49	Pegasi	22	52	24.0779991149902	9	50	8.4399995803833
218100	2	Andromedae	23	2	36.3250007629395	42	45	28.7299995422363
218300	89	Aquarii	23	9	54.9039993286133	-22	27	27.6499996185303
218400	KZ	Andromedae	23	9	57.4300003051758	47	57	30.6000003814697
218600	Psi(1)	Aquarii	23	15	53.5029983520508	-9	5	15.8500003814697
218600	91	Aquarii	23	15	53.5029983520508	-9	5	15.8500003814697
218900	94	Aquarii	23	19	6.69000005722046	-13	27	32
218902	Viln	82	no	44	23	16	29	-13	43	36
219100	EQ	Pegasi	23	31	52.2400016784668	19	56	15
219500	Omega(2)	Aquarii	23	42	43.3489990234375	-14	32	41.6399993896484
219500	105	Aquarii	23	42	43.3489990234375	-14	32	41.6399993896484
220200	85	Pegasi	0	2	10.2930002212524	27	4	55.1399993896484
92300	Alcor	13	25	13.6099996566772	54	59	17
220400	Regulus	10	8	22.3150005340576	11	58	1.88999998569489
220400	Alpha	Leonis	10	8	22.3150005340576	11	58	1.88999998569489
220400	11	Leonis	10	8	22.3150005340576	11	58	1.88999998569489
220400	Cor	Leonis	10	8	22.3150005340576	11	58	1.88999998569489
220500	Algol	3	8	10.1309995651245	40	57	20.4300003051758
220500	The	Demon	Star	3	8	10.1309995651245	40	57	20.4300003051758
220500	Beta	Persei	3	8	10.1309995651245	40	57	20.4300003051758
220500	26	Persei	3	8	10.1309995651245	40	57	20.4300003051758
220600	Achernar	1	37	42.8520011901855	-57	14	12.1800003051758
220600	Alpha	Eridani	1	37	42.8520011901855	-57	14	12.1800003051758
220700	Canopus	6	23	57.1189994812012	-52	41	44.5
220700	Alpha	Carinae	6	23	57.1189994812012	-52	41	44.5
220800	Antares	16	29	24.4389991760254	-26	25	55.1500015258789
220800	Alpha	Scorpii	16	29	24.4389991760254	-26	25	55.1500015258789
220800	Cor	Scorpionis	16	29	24.4389991760254	-26	25	55.1500015258789
220800	21	Scorpii	16	29	24.4389991760254	-26	25	55.1500015258789
220900	Spica	13	25	11.5869998931885	-11	9	40.7099990844727
220900	Alpha	Virginis	13	25	11.5869998931885	-11	9	40.7099990844727
220900	67	Virginis	13	25	11.5869998931885	-11	9	40.7099990844727
220900	The	Ear	of	Wheat	13	25	11.5869998931885	-11	9	40.7099990844727
220900	Al	Simak	al	A'zal	13	25	11.5869998931885	-11	9	40.7099990844727
221000	Polaris	2	31	48.7039985656738	89	15	50.7200012207031
221000	Alpha	Ursae	Minoris	2	31	48.7039985656738	89	15	50.7200012207031
221000	1	Ursae	Minoris	2	31	48.7039985656738	89	15	50.7200012207031
221000	The	North	Star	2	31	48.7039985656738	89	15	50.7200012207031
221000	The	Pole	Star	2	31	48.7039985656738	89	15	50.7200012207031
221100	Bellatrix	5	25	7.85699987411499	6	20	58.7400016784668
221100	Gamma	Orionis	5	25	7.85699987411499	6	20	58.7400016784668
221100	24	Orionis	5	25	7.85699987411499	6	20	58.7400016784668
221100	The	Amazon	Star	5	25	7.85699987411499	6	20	58.7400016784668
221200	Betelgeuse	5	55	10.3699998855591	7	24	25.3500003814697
221200	Betelgeux	5	55	10.3699998855591	7	24	25.3500003814697
221200	The	Martial	Star	5	55	10.3699998855591	7	24	25.3500003814697
221200	Alpha	Orionis	5	55	10.3699998855591	7	24	25.3500003814697
221200	58	Orionis	5	55	10.3699998855591	7	24	25.3500003814697
221300	Rigel	5	14	33.2680015563965	-8	12	5.98000001907349
221300	Beta	Orionis	5	14	33.2680015563965	-8	12	5.98000001907349
221300	19	Orionis	5	14	33.2680015563965	-8	12	5.98000001907349
221300	Regel	5	14	33.2680015563965	-8	12	5.98000001907349
221300	Riglon	5	14	33.2680015563965	-8	12	5.98000001907349
221300	Algebar	5	14	33.2680015563965	-8	12	5.98000001907349
221300	Rijl	Jauzah	al	Yusra	5	14	33.2680015563965	-8	12	5.98000001907349
221400	Deneb	20	41	25.9169998168945	45	16	49.310001373291
221400	Alpha	Cygni	20	41	25.9169998168945	45	16	49.310001373291
221400	50	Cygni	20	41	25.9169998168945	45	16	49.310001373291
221400	Arided	20	41	25.9169998168945	45	16	49.310001373291
221400	Al	Dhanab	al	Dajajah	20	41	25.9169998168945	45	16	49.310001373291
221500	Epsilon	Aurigae	5	1	58.132999420166	43	49	23.8299999237061
221500	7	Aurigae	5	1	58.132999420166	43	49	23.8299999237061
221600	Cygnus	X-1	19	58	21.7000007629395	35	12	5.82000017166138
221600	V1357	Cygni	19	58	21.7000007629395	35	12	5.82000017166138
217100	EZ	Aquarii	22	35	45	-15	35	36
85500	Asterion	12	33	44.5449981689453	41	21	26.8899993896484
111300	14	Herculis	16	10	24.3400001525879	43	49	3.80999994277954
6700	Phi	Ceti	0	50	7.59600019454956	-10	38	39.5400009155273
19200	Lambda	Fornacis	2	36	58.617000579834	-34	34	40.7999992370605
20600	Tau	Eridani	2	45	6.21600008010864	-18	34	21.2800006866455
22300	Tau	Eridani	3	2	23.5069999694824	-23	37	27.9899997711182
23900	Zeta	Reticuli	3	17	46.1199989318848	-62	34	30.1000003814697
24100	Zeta	Reticuli	3	18	12.8100004196167	-62	30	23
27000	Tau	Eridani	3	46	50.8889999389648	-23	14	58.9700012207031
33200	Pi	Orionis	4	49	50.4140014648438	6	57	40.5400009155273
34700	Eta	Pictoris	5	2	48.6800003051758	-49	9	4.90000009536743
38500	Nu	Columbae	5	37	44.6199989318848	-28	41	23.1200008392334
43100	Nu	Canis	Majoris	6	36	41.0250015258789	-19	15	20.8799991607666
43700	Psi	Aurigae	6	46	44.3359985351562	43	34	38.7700004577637
59200	Pi	Ursae	Majoris	8	39	11.7390003204346	65	1	15.25
102500	Alpha	Librae	14	50	41.2070007324219	-15	59	50.1399993896484
102700	Alpha	Librae	14	50	52.7130012512207	-16	2	30.4200000762939
105900	Nu	Lupi	15	21	48.1520004272461	-48	19	3.9300000667572
106000	Nu	Lupi	15	22	8.28499984741211	-47	55	40.3899993896484
112300	Gamma	Normae	16	19	50.443000793457	-50	9	19.9799995422363
117800	Epsilon	Arae	17	3	8.76000022888184	-53	14	12.8000001907349
131100	Nu	Sagittarii	18	55	7.18200016021729	-22	40	17.0900001525879
134000	Rho	Sagittarii	19	21	40.3680000305176	-17	50	49.7599983215332
139600	Xi	Capricorni	20	12	25.9099998474121	-12	37	3.40000009536743
141600	Phi	Pavonis	20	40	2.62299990653992	-60	32	56.2400016784668
156900	Tau	Gruis	22	53	37.9939994812012	-48	35	54.0400009155273
167000	Beta	Tucanae	0	32	43.8339996337891	-63	1	52.4799995422363
175600	Omicron	Eridani	4	15	16.3139991760254	-7	39	9.88000011444092
178500	Chi	Orionis	5	54	22.9409999847412	20	16	34.310001373291
184800	Rho	Cancri	8	52	35.8320007324219	28	19	51.1599998474121
185600	Sigma	Ursae	Majoris	9	10	23.3279991149902	67	8	2.03999996185303
185900	Pi	Cancri	9	12	17.5259990692139	14	59	45.2900009155273
186900	Tau	Hydrae	9	29	8.90999984741211	-2	46	8.39999961853027
189600	Chi	Hydrae	11	5	19.9179992675781	-27	17	36.9599990844727
206500	Psi	Draconis	17	41	56.3419990539551	72	8	55.8899993896484
218600	Psi	Aquarii	23	15	53.5029983520508	-9	5	15.8500003814697
219500	Omega	Aquarii	23	42	43.3489990234375	-14	32	41.6399993896484
222600	Cor	Caroli	12	56	1	38	19	0
222600	Alpha	Canum	Venaticorum	12	56	1	38	19	0
222600	12	Canum	Venaticorum	12	56	1	38	19	0
222601	Alpha(2)	Canum	Venaticorum	12	56	1.66400003433228	38	19	6.21000003814697
222602	Alpha(1)	Canum	Venaticorum	12	56	0.490000009536743	38	18	54.2000007629395
58600	DX	Cancri	8	26	53	26	57	12
222800	5	Serpentis	15	19	18.7900009155273	1	45	55.560001373291
222800	MQ	Serpentis	15	19	18.7900009155273	1	45	55.560001373291
222900	Alpha	Persei	3	24	19.3649997711182	49	51	40.3400001525879
222900	Mirfak	3	24	19.3649997711182	49	51	40.3400001525879
222900	Mirphak	3	24	19.3649997711182	49	51	40.3400001525879
222900	Marfak	3	24	19.3649997711182	49	51	40.3400001525879
222900	Alchemb	3	24	19.3649997711182	49	51	40.3400001525879
222900	Algenib	3	24	19.3649997711182	49	51	40.3400001525879
222900	33	Persei	3	24	19.3649997711182	49	51	40.3400001525879
223000	Adhara	6	58	37.5480003356934	-28	58	19.5
223000	Adara	6	58	37.5480003356934	-28	58	19.5
223000	Epsilon	Canis	Majoris	6	58	37.5480003356934	-28	58	19.5
223000	21	Canis	Majoris	6	58	37.5480003356934	-28	58	19.5
223100	Alphard	9	27	35.2470016479492	-8	39	31.1499996185303
223100	Cor	Hydrae	9	27	35.2470016479492	-8	39	31.1499996185303
223100	Alpha	Hydrae	9	27	35.2470016479492	-8	39	31.1499996185303
223100	30	Hydrae	9	27	35.2470016479492	-8	39	31.1499996185303
223200	Beta	Cygni	19	30	43.3009986877441	27	57	34.8300018310547
223200	Albireo	19	30	43.3009986877441	27	57	34.8300018310547
223200	6	Cygni	19	30	43.3009986877441	27	57	34.8300018310547
223203	Beta(2)	Cygni	19	30	45.3800010681152	27	57	54.7999992370605
223300	Delta	Serpentis	15	34	48.1100006103516	10	32	17.8999996185303
223300	13	Serpentis	15	34	48.1100006103516	10	32	17.8999996185303
223400	Dubhe	11	3	43.6660003662109	61	45	3.22000002861023
223400	Alpha	Ursae	Majoris	11	3	43.6660003662109	61	45	3.22000002861023
223400	Dubb	11	3	43.6660003662109	61	45	3.22000002861023
223400	Dubh	11	3	43.6660003662109	61	45	3.22000002861023
223400	Thahr	al	Dubb	al	Akbar	11	3	43.6660003662109	61	45	3.22000002861023
223400	The	Back	of	the	Great	Bear	11	3	43.6660003662109	61	45	3.22000002861023
223400	50	Ursae	Majoris	11	3	43.6660003662109	61	45	3.22000002861023
223500	Epsilon	Pegasi	21	44	11.1639995574951	9	52	29.9200000762939
223500	8	Pegasi	21	44	11.1639995574951	9	52	29.9200000762939
223500	Enif	21	44	11.1639995574951	9	52	29.9200000762939
223600	Gamma	Draconis	17	56	36.367000579834	51	29	20.2099990844727
223600	Etamin	17	56	36.367000579834	51	29	20.2099990844727
223600	33	Draconis	17	56	36.367000579834	51	29	20.2099990844727
223600	Eltanin	17	56	36.367000579834	51	29	20.2099990844727
96000	Eta	Bootis	13	54	41.0740013122559	18	23	51.7200012207031
96000	8	Bootis	13	54	41.0740013122559	18	23	51.7200012207031
97200	12	Bootis	14	10	23.9379997253418	25	5	29.8899993896484
98100	Alpha	Bootis	14	15	39.6769981384277	19	10	56.7099990844727
98100	16	Bootis	14	15	39.6769981384277	19	10	56.7099990844727
98300	Lambda	Bootis	14	16	23.0200004577637	46	5	17.9699993133545
98300	19	Bootis	14	16	23.0200004577637	46	5	17.9699993133545
98800	18	Bootis	14	19	16.2859992980957	13	0	15.4300003051758
101000	Sigma	Bootis	14	34	40.8199996948242	29	44	42.4599990844727
101000	28	Bootis	14	34	40.8199996948242	29	44	42.4599990844727
101900	Omicron	Bootis	14	45	14.4469995498657	16	57	51.939998626709
101900	35	Bootis	14	45	14.4469995498657	16	57	51.939998626709
104800	45	Bootis	15	7	18.0690002441406	24	52	8.96000003814697
197100	Tau	Bootis	13	47	15.7399997711182	17	27	24.4300003051758
197100	4	Bootis	13	47	15.7399997711182	17	27	24.4300003051758
198200	Iota	Bootis	14	16	9.92199993133545	51	22	2.17000007629395
198200	21	Bootis	14	16	9.92199993133545	51	22	2.17000007629395
198600	Theta	Bootis	14	25	11.7919998168945	51	51	2.76999998092651
198600	23	Bootis	14	25	11.7919998168945	51	51	2.76999998092651
199600	Xi	Bootis	14	51	23.2810001373291	19	6	4.15999984741211
199600	37	Bootis	14	51	23.2810001373291	19	6	4.15999984741211
199800	CE	Bootis	14	54	29.2830009460449	16	6	4.1100001335144
200200	i	Bootis	15	3	47.5340003967285	47	39	15.1499996185303
200200	44	Bootis	15	3	47.5340003967285	47	39	15.1499996185303
201000	Mu	Bootis	15	24	29.4340000152588	37	22	37.7900009155273
201000	51	Bootis	15	24	29.4340000152588	37	22	37.7900009155273
201002	Mu(2)	Bootis	15	24	30.882999420166	37	20	51.939998626709
201003	Mu(2)	Bootis	15	24	30.882999420166	37	20	51.939998626709
21600	EP	Eridani	2	52	32.1349983215332	-12	46	11.0799999237061
64800	LQ	Hydrae	9	32	25.5470008850098	-11	11	5.1399998664856
223900	SO25300.5+165258	2	53	0.5	16	52	58
177500	The	Goat	Star	5	16	41.3530006408691	45	59	52.9000015258789
223900	SO025300.5+165258	2	53	0.5	16	52	58
223900	Teegarden's	Star	2	53	0.5	16	52	58
224400	AB	Doradus	5	28	44.8279991149902	-65	26	54.8530006408691
224500	V491	Persei	4	7	34.3740005493164	38	4	28.6299991607666
102700	Zubenelgenubi	14	50	52.7130012512207	-16	2	30.4200000762939
51800	Luyten's	Star	7	27	24.5	5	13	32.5
224700	Wei	16	50	9.81999969482422	-34	17	35.7200012207031
224700	Epsilon	Scorpii	16	50	9.81999969482422	-34	17	35.7200012207031
224700	26	Scorpii	16	50	9.81999969482422	-34	17	35.7200012207031
105800	HO	Librae	15	19	26.863000869751	-7	43	23.1200008392334
62800	c	Ursae	Majoris	9	14	20.5520000457764	61	25	24
22100	51	Arietis	3	2	26.0200004577637	26	36	33.3800010681152
